S 52473 14004 930
S 34584 14005 811
S 4425 14006 762
S 26329 14007 695
S 3040 14008 670
S 59800 14009 661
S 50303 14010 642
S 38822 14011 573
S 15771 14012 559
S 48921 14013 544
S 4977 14014 533
S 28484 14015 507
S 59559 14016 504
S 67536 14017 496
S 58880 14018 492
S 73193 14019 491
S 52100 14020 487
S 62844 14021 479
S 67869 14022 478
S 47244 14023 465
S 3205 14024 460
S 71271 14025 460
S 68557 14026 446
S 56329 14027 441
S 45702 14028 437
S 17456 14029 421
S 75070 14030 416
S 42284 14031 409
S 3277 14032 406
S 54418 14033 404
S 68198 14034 399
S 53078 14035 394
S 18769 14036 390
S 40108 14037 388
S 16786 14038 383
S 10853 14039 383
S 77914 14040 378
S 19671 14041 377
S 50763 14042 374
S 41425 14043 372
S 31194 14044 371
S 37526 14045 370
S 56692 14046 369
S 59727 14047 366
S 40367 14048 366
S 66323 14049 365
S 48426 14050 358
S 13053 14051 356
S 476 14052 351
S 41401 14053 351
S 57064 14054 349
S 9839 14055 344
S 28920 14056 342
S 45054 14057 342
S 5040 14058 341
S 27604 14059 341
S 11755 14060 341
S 60825 14061 332
S 25069 14062 327
S 43735 14063 326
S 4810 14064 324
S 76342 14065 321
S 75307 14066 321
S 17953 14067 320
S 70467 14068 319
S 75352 14069 317
S 50810 14070 317
S 20217 14071 315
S 32707 14072 311
S 16953 14073 311
S 31428 14074 307
S 19925 14075 307
S 59853 14076 306
S 22849 14077 306
S 45639 14078 305
S 10937 14079 305
S 1536 14080 304
S 13706 14081 299
S 61662 14082 297
S 634 14083 297
S 44172 14084 295
S 38922 14085 294
S 51588 14086 294
S 77433 14087 292
S 61234 14088 289
S 65393 14089 288
S 42020 14090 280
S 48604 14091 277
S 50764 14092 276
S 45847 14093 274
S 72994 14094 268
S 58398 14095 267
S 64844 14096 267
S 13632 14097 265
S 8723 14098 265
S 45180 14099 264
S 16748 14100 263
S 8792 14101 263
S 19744 14102 261
S 77512 14103 261
S 28366 14104 257
S 66381 14105 257
S 71891 14106 256
S 76673 14107 255
S 22477 14108 255
S 32056 14109 253
S 71643 14110 253
S 29645 14111 252
S 1171 14112 252
S 65365 14113 251
S 23340 14114 251
S 16242 14115 250
S 67909 14116 249
S 53959 14117 249
S 40512 14118 248
S 42799 14119 248
S 61192 14120 247
S 57723 14121 247
S 41805 14122 246
S 67216 14123 241
S 63004 14124 240
S 57473 14125 240
S 6058 14126 240
S 49324 14127 239
S 15012 14128 237
S 20455 14129 236
S 21843 14130 236
S 51323 14131 236
S 4239 14132 235
S 23677 14133 231
S 77710 14134 231
S 77266 14135 230
S 35477 14136 229
S 33509 14137 227
S 2214 14138 226
S 64833 14139 226
S 3839 14140 226
S 50365 14141 226
S 47007 14142 223
S 68329 14143 223
S 5856 14144 220
S 2578 14145 220
S 29469 14146 218
S 30549 14147 217
S 75535 14148 216
S 46783 14149 216
S 64734 14150 216
S 37679 14151 215
S 5734 14152 215
S 1341 14153 215
S 38535 14154 215
S 4583 14155 214
S 70717 14156 214
S 33415 14157 210
S 21349 14158 209
S 45882 14159 209
S 32708 14160 208
S 10127 14161 208
S 49340 14162 207
S 68571 14163 206
S 59405 14164 205
S 15582 14165 204
S 6852 14166 204
S 59847 14167 202
S 34797 14168 201
S 26656 14169 201
S 9136 14170 201
S 46313 14171 200
S 34758 14172 199
S 59925 14173 199
S 28593 14174 198
S 77960 14175 198
S 57325 14176 197
S 55503 14177 197
S 44455 14178 196
S 55258 14179 196
S 19697 14180 195
S 65481 14181 194
S 36769 14182 193
S 48646 14183 193
S 52050 14184 191
S 14783 14185 191
S 26383 14186 190
S 54804 14187 189
S 33708 14188 189
S 65531 14189 189
S 44641 14190 188
S 2944 14191 188
S 46889 14192 187
S 67999 14193 186
S 45053 14194 186
S 27856 14195 186
S 39951 14196 185
S 73786 14197 185
S 76167 14198 184
S 57469 14199 182
S 9930 14200 182
S 73396 14201 181
S 67726 14202 180
S 3811 14203 180
S 31285 14204 180
S 66852 14205 179
S 51708 14206 178
S 33492 14207 178
S 70277 14208 178
S 5801 14209 177
S 29569 14210 177
S 25980 14211 177
S 64111 14212 176
S 23944 14213 176
S 35428 14214 174
S 56988 14215 174
S 18086 14216 174
S 10440 14217 173
S 77481 14218 173
S 45152 14219 170
S 18339 14220 170
S 59420 14221 170
S 51085 14222 170
S 26956 14223 168
S 6049 14224 168
S 18307 14225 167
S 46807 14226 167
S 66172 14227 166
S 55295 14228 166
S 33596 14229 166
S 6195 14230 165
S 10394 14231 164
S 53565 14232 164
S 53505 14233 164
S 48993 14234 164
S 8193 14235 164
S 47045 14236 163
S 40463 14237 163
S 48414 14238 162
S 285 14239 162
S 52493 14240 162
S 14533 14241 161
S 30886 14242 161
S 54646 14243 161
S 9308 14244 160
S 45776 14245 160
S 19747 14246 159
S 68912 14247 158
S 76492 14248 158
S 47859 14249 158
S 43090 14250 157
S 30112 14251 156
S 23857 14252 156
S 60909 14253 155
S 76300 14254 155
S 70025 14255 155
S 52485 14256 154
S 23785 14257 152
S 70680 14258 152
S 64015 14259 151
S 33111 14260 151
S 7875 14261 150
S 29439 14262 150
S 74209 14263 150
S 25459 14264 147
S 60456 14265 147
S 115 14266 146
S 47180 14267 146
S 60173 14268 146
S 1007 14269 145
S 76710 14270 144
S 49504 14271 144
S 42961 14272 144
S 48915 14273 144
S 43004 14274 143
S 51140 14275 142
S 69411 14276 142
S 3117 14277 142
S 21644 14278 141
S 26063 14279 141
S 5426 14280 141
S 59947 14281 141
S 32002 14282 141
S 63912 14283 141
S 53014 14284 141
S 36847 14285 140
S 50060 14286 139
S 75591 14287 138
S 41459 14288 138
S 47680 14289 137
S 23455 14290 137
S 67832 14291 136
S 24128 14292 136
S 31264 14293 136
S 53894 14294 135
S 64013 14295 135
S 78064 14296 135
S 44470 14297 135
S 30770 14298 135
S 41174 14299 134
S 64208 14300 134
S 62494 14301 133
S 5645 14302 133
S 40197 14303 133
S 48051 14304 133
S 66426 14305 133
S 42209 14306 133
S 32044 14307 133
S 3166 14308 132
S 14360 14309 131
S 46323 14310 131
S 52838 14311 131
S 55060 14312 131
S 5906 14313 131
S 25766 14314 130
S 40189 14315 129
S 24105 14316 129
S 36640 14317 129
S 70950 14318 129
S 67360 14319 129
S 20669 14320 129
S 55838 14321 128
S 10027 14322 128
S 75733 14323 128
S 11638 14324 127
S 10468 14325 126
S 75540 14326 126
S 12928 14327 126
S 11198 14328 126
S 57821 14329 126
S 37171 14330 126
S 2286 14331 125
S 1236 14332 125
S 64702 14333 124
S 61997 14334 124
S 41096 14335 123
S 11011 14336 123
S 13074 14337 122
S 21765 14338 122
S 30575 14339 122
S 57142 14340 122
S 60077 14341 122
S 66368 14342 121
S 26634 14343 121
S 12549 14344 121
S 35803 14345 121
S 44272 14346 120
S 76649 14347 120
S 55314 14348 120
S 32895 14349 120
S 15994 14350 119
S 52508 14351 119
S 56012 14352 119
S 2192 14353 119
S 74349 14354 117
S 53643 14355 117
S 6712 14356 117
S 10650 14357 117
S 39195 14358 117
S 53395 14359 117
S 17738 14360 117
S 2810 14361 117
S 61245 14362 116
S 18932 14363 116
S 22086 14364 116
S 55895 14365 115
S 68385 14366 115
S 36307 14367 114
S 41576 14368 114
S 54827 14369 114
S 38121 14370 114
S 54431 14371 114
S 74649 14372 114
S 36061 14373 113
S 17989 14374 113
S 60549 14375 113
S 12232 14376 112
S 26261 14377 111
S 70225 14378 111
S 20317 14379 111
S 27736 14380 111
S 51315 14381 111
S 11371 14382 111
S 13814 14383 111
S 35276 14384 110
S 30947 14385 110
S 77883 14386 110
S 39016 14387 110
S 14024 14388 110
S 64390 14389 109
S 65835 14390 109
S 1222 14391 109
S 10728 14392 108
S 10503 14393 108
S 33505 14394 108
S 55241 14395 107
S 66559 14396 107
S 26418 14397 107
S 68798 14398 107
S 3372 14399 106
S 77033 14400 106
S 60893 14401 106
S 31256 14402 106
S 33096 14403 106
S 64823 14404 106
S 35338 14405 106
S 69997 14406 105
S 19999 14407 105
S 56820 14408 105
S 25726 14409 105
S 35639 14410 105
S 1550 14411 105
S 7917 14412 104
S 60953 14413 104
S 71800 14414 104
S 52408 14415 104
S 70688 14416 104
S 33945 14417 104
S 71356 14418 103
S 53921 14419 103
S 54822 14420 102
S 75189 14421 102
S 46458 14422 102
S 75922 14423 102
S 34451 14424 102
S 3529 14425 102
S 45953 14426 102
S 35627 14427 102
S 66265 14428 102
S 27144 14429 101
S 54768 14430 101
S 68202 14431 101
S 5812 14432 100
